223805
223732
223646
223521
223465
223461
223252
223115
223004
222946
222941
222926
222886
222847
222674
221017
220981
220931
220864
220887
220741
220726
220626
220562
220551
220491
220488
220487
220440
220391
224309
224732
224714
224720
224679
224666
224602
224561
224547
224483
224466
224461
224272
224184
224150
226545
226620
226553
226552
226369
226422
226407
226227
226388
226373
226323
226331
226260
226270
222574
222525
222545
222434
222396
222350
222298
222252
222202
222093
222102
221170
222027
221941
221938
221737
221761
221739
221705
221659
221651
221610
221584
221545
221449
221407
221369
221318
221127
221163
225434
225704
225430
225437
225524
225432
225590
225527
225551
225423
225523
225420
225500
225283
225296
226545
226620
226553
226552
226369
226422
226407
226227
226388
226373
226323
226331
226260
226270
219200
219143
219148
219075
218780
218842
218797
218716
218783
218721
218666
218661
218574
218319
218501
214547
214461
214368
214269
214250
214129
214046
214022
213954
213920
213849
212960
213783
213727
213690
216756
216666
216661
216644
216500
216383
216264
216215
216168
216213
216017
216025
216001
215754
215750
215349
215390
211408
215366
215296
215229
215169
215177
215155
215068
215053
215028
213703
214673
214630
217616
217588
217477
217531
217515
217508
217892
217390
217286
217195
217131
217050
217057
217006
216937
218050
218032
217986
217938
217954
217899
217908
217894
217847
217808
217699
217623
217655
217608
217484
213450
213326
213181
213172
213135
208764
212979
212900
210819
212792
212772
212760
212621
212601
212568
220113
220061
219909
219861
219872
219877
219846
219796
219772
219753
219673
219677
219621
219570
219550
212051
210252
212254
212234
212229
212046
211937
211915
211768
211772
211756
211739
211734
211714
211640
206307
206292
206268
206262
206155
206152
206064
206017
205712
205666
205615
205547
205523
205317
205356
208389
208158
208055
207951
207792
207775
207761
207690
207444
205419
207538
207533
207419
207179
207150
204725
204705
204617
204560
204429
204497
204487
204333
204310
204249
204116
204083
203998
203984
203979
203767
203693
203575
203282
203242
202752
203083
203032
203017
202776
202718
202636
202616
202604
202499
210027
209975
209917
209481
209888
209529
209661
209599
209559
209334
209264
209122
209016
208731
208725
211406
211193
211263
211224
211239
211236
211200
211154
211045
211009
210941
210775
210723
210694
210696
202252
202167
201965
201957
201933
201942
201895
201880
201659
201858
201840
201833
201728
201631
201676
200642
201291
201383
201338
201213
201181
201139
201024
201006
201015
200855
200940
200914
200899
200825
200247
200170
200159
200152
200067
200004
199944
199846
199845
199807
199786
199673
199614
199623
200759
200737
200688
200635
200638
200544
200557
200555
200529
200475
200406
200414
200412
200411
200375
199171
199150
199026
199088
199074
198997
199001
198961
198946
198769
198794
197743
198714
198691
196760
196762
196735
196721
196623
196621
196450
196394
196277
196155
196290
196188
196211
196182
197528
197483
197509
197448
197453
197435
197369
197341
197242
197295
197290
197181
197156
197020
196839
195740
195724
195709
195620
195558
195496
195382
195400
195349
195289
195178
195173
195200
195148
194937
194927
194869
194853
194783
194807
194731
194728
194712
194683
194631
194582
194551
194528
194519
198167
198137
198148
198140
198047
198082
198067
198068
198061
198002
197870
197742
197785
197811
197714
194190
194145
194111
194038
194048
194043
193954
193955
193933
193920
188052
193833
193832
193829
189548
192517
192497
192429
192402
192313
192314
192302
191958
192239
192242
192219
192196
192155
193227
193222
193172
193100
193085
192996
192951
192950
192935
192919
192825
192779
192775
192766
192765
192038
191977
191907
191857
191824
191813
191696
191701
191697
191699
191693
191660
191643
191599
191537
191308
191241
191229
191176
191021
190986
190980
190872
190780
190765
190671
190557
190536
190534
190436
189574
189560
189495
189466
189391
189384
189346
189293
189281
189247
189021
188980
188932
188931
188817
188638
188671
188646
188590
188571
188462
188451
188243
188398
187793
188208
188194
188060
188092
188066
190301
190242
190241
190212
190124
190084
190076
190068
190050
190004
189857
189864
189850
189700
187619
187600
187603
187477
187371
187360
187301
187300
187292
187284
187135
187185
187266
187263
187150
186791
186784
186737
186721
186702
186502
186451
186410
186384
186320
186269
186247
186222
186194
186188
185208
185205
185173
185077
185125
185121
185116
185112
185103
185086
185087
184962
184786
184785
184750
179373
179238
179136
179071
178557
178433
178427
178287
177475
177174
177113
176505
176455
176077
176163
185930
185926
185924
185903
185871
185861
185634
185622
185543
185546
185493
185443
185435
185386
185380
182694
182666
182605
182535
182479
182486
182469
182324
182420
182381
182283
182115
182010
181919
181897
184375
184289
184279
184271
184270
184227
184150
184086
184077
184073
184003
183852
183829
182926
183775
175176
174762
174704
174635
174263
173772
173669
173310
173223
172884
173116
173014
172889
172370
172339
181780
181568
181210
181154
181057
180987
180974
180951
180828
180770
180419
180355
180239
180206
180082
183081
183485
183486
183483
183304
182754
183234
183208
182917
183118
183115
182996
183054
183058
182748
145762
145396
145102
145010
144904
144745
144642
143933
143910
143802
143673
143757
143272
143131
142841
165799
165616
165532
165432
165256
165200
165033
164605
164256
164138
163921
163469
162978
162791
162751
161488
161320
161203
161007
160966
160882
160763
160508
160415
160073
160035
159851
159617
159537
159381
136950
135764
135226
132653
128984
126259
124612
119992
117496
113004
112806
112804
104711
102226
102225
153165
152995
151931
151634
151458
150734
150992
150750
150659
150348
150113
149920
149909
149650
149287
170514
169824
169681
169342
168978
168510
168480
168326
168090
167960
167845
167515
167378
166962
166864
158736
158463
158384
158354
158124
158089
157536
157354
157231
157214
157113
155998
155662
155613
155267
2079
1390
1031
980
43922
43180
42509
41074
35250
26768
25638
22616
21058
19822
17601
14932
14303
13931
7855
